1

2

3

7

13

15

16

17

25

0

2

3

4

5

6

7

8

10

11

12

13

15

16

17

26

1

0

3

7

8

9

13

21

22

27

1

0

2

7

12

13

1

6

10

1

6

10

14

1

4

5

14

1

0

2

3

1

2

25

27

33

2

33

1

4

5

1

1

3

1

0

2

3

33

5

6

1

0

1

0

33

1

0

19

20

26

18

21

23

27

33

18

21

26

2

19

20

33

2

26

33

19

24

27

33

23

33

0

8

27

33

1

20

18

22

27

33

2

8

28

29

30

31

32

19

23

25

26

33

27

33

27

33

27

33

27

33

27

33

8

9

13

28

29

30

16

31

32

19

24

21

22

23

25

26

27

0 9 9

1 16 16

2 10 10

3 6 6

4 3 3

5 4 4

6 4 4

7 4 4

8 5 5

9 2 2

10 3 3

11 1 1

12 2 2

13 5 5

14 2 2

15 2 2

16 3 3

17 2 2

18 3 3

19 5 5

20 3 3

21 4 4

22 3 3

23 4 4

24 2 2

25 4 4

26 6 6

27 12 12

28 2 2

29 2 2

30 2 2

31 2 2

32 2 2

33 17 17

