8737 0.000137746984371
2914 0.000121458776084
18964 0.000084924796794
1220 0.000073461504236
2409 0.000069380655165
10029 0.000067543940206
214538 0.000062578084095
7343 0.000059182896279
39295 0.000055715461454
38283 0.000055510545934
18963 0.000055443265554
40509 0.000049342321048
1918 0.000048685899776
4494 0.000048524815927
3407 0.000046867708222
214406 0.000046102992661
56913 0.000045560426065
39633 0.000045123367976
1772 0.000043789078056
503 0.000043512848330
1689 0.000042223605264